area_id	total_registration	ed_registration	mv_registration	total_ballots	ed_ballots	mv_ballots
ALLPCTS	503899	101847	402052	265719	72327	193392
PCT1101	562	115	447	270	60	210
PCT1102	1004	233	771	526	158	368
PCT1103	971	223	748	503	143	360
PCT1104	1018	268	750	460	120	340
PCT1106	771	174	597	344	96	248
PCT1107	751	145	606	359	76	283
PCT1108	923	202	721	466	114	352
PCT1109	822	172	650	374	98	276
PCT1111	1046	201	845	467	118	349
PCT1112	802	160	642	349	76	273
PCT1113	795	121	674	345	65	280
PCT1114	991	223	768	421	98	323
PCT1115	936	195	741	376	85	291
PCT1116	931	222	709	425	119	306
PCT1117	846	187	659	324	72	252
PCT1118	1065	222	843	455	102	353
PCT1119	797	138	659	374	73	301
PCT1121	705	149	556	340	80	260
PCT1122	637	118	519	312	70	242
PCT1123	938	216	722	342	89	253
PCT1124	829	208	621	310	71	239
PCT1125	1097	181	916	420	64	356
PCT1126	1012	201	811	373	68	305
PCT1127	965	223	742	387	100	287
PCT1128	879	146	733	352	58	294
PCT1129	1036	248	788	420	108	312
PCT1131	860	167	693	337	60	277
PCT1132	1032	195	837	433	62	371
PCT1133	875	159	716	405	73	332
PCT1134	767	183	584	367	80	287
PCT1135	556	92	464	267	50	217
PCT1136	867	157	710	415	79	336
PCT1141	1056	220	836	511	124	387
PCT1142	896	175	721	408	86	322
PCT1143	1049	226	823	471	113	358
PCT1144	947	220	727	434	121	313
PCT1145	905	153	752	526	114	412
PCT1146	1054	217	837	468	109	359
PCT1147	885	214	671	411	107	304
PCT1148	1028	224	804	478	116	362
PCT1149	939	230	709	435	118	317
PCT1151	0	0	0	0	0	0
PCT1152	890	180	710	394	85	309
PCT1153	940	210	730	398	116	282
PCT1154	0	0	0	0	0	0
PCT7001	773	141	632	425	101	324
PCT7002	714	116	598	346	88	258
PCT7003	906	147	759	573	144	429
PCT7004	913	149	764	553	142	411
PCT7005	859	162	697	505	162	343
PCT7006	932	204	728	495	149	346
PCT7007	957	180	777	598	168	430
PCT7008	909	177	732	551	189	362
PCT7009	871	119	752	477	91	386
PCT7011	973	270	703	315	87	228
PCT7012	1226	227	999	686	204	482
PCT7013	1139	155	984	423	151	272
PCT7014	719	110	609	404	111	293
PCT7015	110	-18	128	40	0	40
PCT7016	932	278	654	308	75	233
PCT7017	781	238	543	236	54	182
PCT7018	1047	200	847	410	56	354
PCT7019	900	167	733	425	73	352
PCT7021	967	288	679	375	106	269
PCT7022	963	193	770	356	54	302
PCT7023	920	233	687	398	71	327
PCT7024	441	190	251	70	20	50
PCT7025	483	167	316	133	40	93
PCT7026	1010	192	818	405	72	333
PCT7027	896	220	676	362	96	266
PCT7028	856	271	585	312	97	215
PCT7029	909	267	642	245	41	204
PCT7030	795	141	654	331	58	273
PCT7031	694	73	621	303	48	255
PCT7032	881	239	642	313	50	263
PCT7033	778	229	549	296	86	210
PCT7034	938	318	620	192	57	135
PCT7035	719	152	567	284	52	232
PCT7036	974	194	780	300	39	261
PCT7037	746	313	433	100	38	62
PCT7038	961	203	758	361	58	303
PCT7039	837	201	636	343	105	238
PCT7041	66	-4	70	29	0	29
PCT7042	660	146	514	277	58	219
PCT7043	978	224	754	368	78	290
PCT7044	852	266	586	166	33	133
PCT7045	786	154	632	316	53	263
PCT7046	430	96	334	178	48	130
PCT7047	883	153	730	369	63	306
PCT7048	881	196	685	320	56	264
PCT7049	826	210	616	309	70	239
PCT7051	880	165	715	369	70	299
PCT7052	906	185	721	377	85	292
PCT7053	585	43	542	268	40	228
PCT7054	1136	274	862	409	105	304
PCT7055	826	94	732	366	76	290
PCT7056	705	87	618	387	119	268
PCT7101	147	-15	162	99	0	99
PCT7201	935	147	788	471	98	373
PCT7202	851	144	707	428	125	303
PCT7203	879	186	693	465	148	317
PCT7204	899	126	773	526	115	411
PCT7205	871	147	724	491	133	358
PCT7206	377	78	299	202	76	126
PCT7207	867	123	744	449	117	332
PCT7208	570	78	492	309	60	249
PCT7209	647	52	595	401	63	338
PCT7301	1014	202	812	425	112	313
PCT7302	849	136	713	463	116	347
PCT7303	1068	199	869	512	141	371
PCT7304	1001	199	802	524	164	360
PCT7305	867	154	713	513	141	372
PCT7306	1044	243	801	516	152	364
PCT7307	774	169	605	365	101	264
PCT7308	625	105	520	375	126	249
PCT7309	858	167	691	473	156	317
PCT7311	906	208	698	496	168	328
PCT7312	810	111	699	508	121	387
PCT7313	1003	185	818	480	115	365
PCT7314	759	147	612	275	56	219
PCT7315	765	195	570	317	116	201
PCT7316	832	178	654	357	100	257
PCT7317	890	146	744	445	107	338
PCT7318	723	118	605	390	99	291
PCT7319	1049	188	861	456	113	343
PCT7321	659	102	557	262	62	200
PCT7322	888	146	742	316	25	291
PCT7323	956	167	789	486	126	360
PCT7324	737	151	586	344	89	255
PCT7325	886	172	714	436	123	313
PCT7326	859	174	685	413	116	297
PCT7327	687	126	561	261	37	224
PCT7328	1002	173	829	368	46	322
PCT7329	651	95	556	277	56	221
PCT7331	870	160	710	487	129	358
PCT7332	790	136	654	370	113	257
PCT7333	1015	193	822	553	161	392
PCT7334	819	133	686	407	105	302
PCT7335	934	146	788	531	146	385
PCT7336	954	176	778	525	128	397
PCT7337	897	125	772	470	85	385
PCT7338	895	126	769	419	70	349
PCT7339	755	150	605	351	89	262
PCT7341	853	178	675	422	132	290
PCT7342	904	231	673	517	200	317
PCT7343	704	150	554	358	116	242
PCT7344	1064	201	863	538	160	378
PCT7345	1114	211	903	588	171	417
PCT7346	889	209	680	408	126	282
PCT7347	1003	170	833	455	98	357
PCT7348	843	194	649	368	100	268
PCT7349	912	202	710	412	104	308
PCT7501	551	95	456	330	90	240
PCT7502	789	121	668	410	99	311
PCT7503	762	148	614	382	100	282
PCT7504	488	84	404	225	52	173
PCT7505	862	133	729	494	96	398
PCT7506	1000	158	842	471	111	360
PCT7507	956	263	693	386	97	289
PCT7508	744	126	618	474	103	371
PCT7509	929	173	756	542	145	397
PCT7512	600	125	475	328	85	243
PCT7513	806	231	575	350	108	242
PCT7514	916	207	709	296	59	237
PCT7515	864	201	663	405	90	315
PCT7516	920	147	773	534	118	416
PCT7517	868	223	645	534	179	355
PCT7518	926	218	708	567	185	382
PCT7519	715	172	543	392	136	256
PCT7521	779	182	597	460	149	311
PCT7522	759	171	588	449	158	291
PCT7523	744	180	564	449	169	280
PCT7524	624	144	480	323	102	221
PCT7525	764	170	594	336	94	242
PCT7526	988	163	825	535	147	388
PCT7527	710	172	538	401	112	289
PCT7529	903	155	748	545	185	360
PCT7531	873	159	714	460	132	328
PCT7532	835	167	668	450	126	324
PCT7533	970	194	776	576	186	390
PCT7534	903	233	670	542	179	363
PCT7535	745	139	606	454	155	299
PCT7536	833	163	670	511	170	341
PCT7537	745	126	619	443	148	295
PCT7538	751	189	562	487	172	315
PCT7539	921	225	696	550	187	363
PCT7541	770	170	600	447	160	287
PCT7542	824	193	631	482	168	314
PCT7543	924	230	694	504	138	366
PCT7544	899	168	731	543	159	384
PCT7545	895	172	723	532	147	385
PCT7546	953	183	770	623	209	414
PCT7547	981	185	796	585	171	414
PCT7548	1051	249	802	631	199	432
PCT7549	806	146	660	491	140	351
PCT7551	723	136	587	466	171	295
PCT7552	685	124	561	411	127	284
PCT7553	191	-20	211	93	0	93
PCT7554	821	168	653	549	177	372
PCT7555	872	210	662	616	210	406
PCT7556	966	153	813	669	165	504
PCT7601	677	192	485	294	89	205
PCT7602	886	232	654	374	103	271
PCT7603	815	203	612	456	171	285
PCT7604	944	259	685	396	135	261
PCT7605	661	193	468	251	64	187
PCT7606	883	210	673	348	81	267
PCT7607	919	207	712	377	100	277
PCT7608	380	101	279	112	20	92
PCT7609	884	185	699	330	49	281
PCT7611	788	202	586	272	43	229
PCT7612	557	105	452	241	29	212
PCT7613	883	249	634	329	91	238
PCT7614	916	204	712	322	78	244
PCT7615	750	240	510	216	58	158
PCT7616	836	82	754	415	87	328
PCT7617	752	169	583	258	42	216
PCT7618	914	151	763	441	83	358
PCT7619	1107	170	937	550	117	433
PCT7621	1155	149	1006	542	103	439
PCT7622	960	263	697	288	75	213
PCT7623	1004	237	767	355	98	257
PCT7624	875	224	651	281	73	208
PCT7625	822	73	749	421	34	387
PCT7626	1073	129	944	501	105	396
PCT7627	524	68	456	249	56	193
PCT7628	938	220	718	436	110	326
PCT7629	853	162	691	355	86	269
PCT7631	1219	210	1009	545	111	434
PCT7632	1171	169	1002	537	128	409
PCT7633	735	126	609	373	96	277
PCT7634	890	186	704	438	101	337
PCT7635	853	188	665	330	62	268
PCT7636	959	162	797	427	107	320
PCT7637	868	121	747	438	98	340
PCT7638	889	83	806	458	89	369
PCT7639	1022	133	889	520	132	388
PCT7641	951	134	817	489	92	397
PCT7642	765	118	647	382	79	303
PCT7643	941	131	810	536	105	431
PCT7644	1176	162	1014	540	142	398
PCT7645	656	61	595	339	56	283
PCT7646	1153	121	1032	619	136	483
PCT7647	987	263	724	291	83	208
PCT7648	2	0	2	1	0	1
PCT7649	900	178	722	363	78	285
PCT7651	947	113	834	395	73	322
PCT7652	635	101	534	285	86	199
PCT7653	839	89	750	401	79	322
PCT7654	466	53	413	272	83	189
PCT7655	679	97	582	269	59	210
PCT7656	638	35	603	344	40	304
PCT7657	598	37	561	330	61	269
PCT7701	1064	196	868	648	173	475
PCT7702	756	133	623	472	103	369
PCT7703	174	-13	187	71	0	71
PCT7704	1002	204	798	659	173	486
PCT7705	595	125	470	388	110	278
PCT7706	866	180	686	607	162	445
PCT7707	872	189	683	601	179	422
PCT7708	875	165	710	608	152	456
PCT7709	406	84	322	285	92	193
PCT7711	811	153	658	498	126	372
PCT7712	532	109	423	359	106	253
PCT7801	974	151	823	657	190	467
PCT7802	798	152	646	551	157	394
PCT7803	831	113	718	597	128	469
PCT7804	885	152	733	636	180	456
PCT7805	800	156	644	545	155	390
PCT7806	755	153	602	507	152	355
PCT7807	827	185	642	530	174	356
PCT7808	654	129	525	417	129	288
PCT7809	764	140	624	483	135	348
PCT7811	758	176	582	458	156	302
PCT7812	897	217	680	529	163	366
PCT7813	1068	226	842	691	214	477
PCT7814	901	241	660	392	118	274
PCT7815	917	168	749	635	176	459
PCT7816	872	148	724	616	150	466
PCT7817	838	186	652	568	182	386
PCT7818	839	171	668	538	149	389
PCT7819	774	139	635	435	89	346
PCT7821	976	170	806	703	189	514
PCT7822	892	219	673	612	222	390
PCT7823	883	177	706	584	188	396
PCT7824	768	154	614	481	160	321
PCT7825	608	151	457	378	130	248
PCT7826	690	204	486	419	162	257
PCT7827	826	219	607	460	146	314
PCT7828	1028	171	857	647	177	470
PCT7829	891	149	742	605	152	453
PCT7831	902	139	763	613	137	476
PCT7832	781	118	663	529	127	402
PCT7833	733	146	587	482	145	337
PCT7834	894	194	700	539	175	364
PCT7835	863	142	721	570	147	423
PCT7836	1043	193	850	674	170	504
PCT7837	923	206	717	614	198	416
PCT7838	895	143	752	641	155	486
PCT7839	861	130	731	582	136	446
PCT7841	950	198	752	656	207	449
PCT7842	879	177	702	539	154	385
PCT7843	729	183	546	452	163	289
PCT7844	651	152	499	414	137	277
PCT7845	880	204	676	570	177	393
PCT7846	908	172	736	622	166	456
PCT7847	891	193	698	606	182	424
PCT7848	847	182	665	597	168	429
PCT7849	901	172	729	614	187	427
PCT7851	526	112	414	350	84	266
PCT7852	644	111	533	450	103	347
PCT7853	855	161	694	517	137	380
PCT7854	878	175	703	595	172	423
PCT7855	974	211	763	643	202	441
PCT7856	847	204	643	558	193	365
PCT7857	906	158	748	583	153	430
PCT7858	779	157	622	491	147	344
PCT7859	899	152	747	622	165	457
PCT7861	863	164	699	595	171	424
PCT7862	864	195	669	595	197	398
PCT7863	901	209	692	567	205	362
PCT7864	814	153	661	521	157	364
PCT7865	840	163	677	560	157	403
PCT7866	848	158	690	583	142	441
PCT7867	978	212	766	645	181	464
PCT7868	876	217	659	527	161	366
PCT7869	861	179	682	624	189	435
PCT7871	902	200	702	613	158	455
PCT7872	874	199	675	598	187	411
PCT7873	891	203	688	649	212	437
PCT7874	489	119	370	296	107	189
PCT7875	647	147	500	360	114	246
PCT7876	568	106	462	345	91	254
PCT7901	549	150	399	256	65	191
PCT7902	912	232	680	423	139	284
PCT7903	852	230	622	403	124	279
PCT7904	837	159	678	407	116	291
PCT7905	875	191	684	537	185	352
PCT7906	786	187	599	391	115	276
PCT7907	942	238	704	501	163	338
PCT7908	992	240	752	531	170	361
PCT7909	743	185	558	450	140	310
PCT7911	871	205	666	444	129	315
PCT7912	1059	259	800	552	177	375
PCT7913	923	264	659	557	212	345
PCT7914	902	187	715	520	141	379
PCT7915	843	238	605	460	181	279
PCT7916	858	219	639	482	162	320
PCT7917	987	271	716	546	188	358
PCT7918	824	227	597	438	143	295
PCT7919	866	258	608	479	175	304
PCT7921	911	229	682	402	101	301
PCT7922	858	210	648	466	155	311
PCT7923	880	214	666	503	170	333
PCT7924	851	202	649	416	122	294
PCT7925	544	110	434	314	89	225
PCT7926	788	178	610	476	150	326
PCT7927	742	162	580	478	152	326
PCT7928	917	217	700	595	209	386
PCT7929	847	169	678	591	170	421
PCT7931	751	141	610	517	149	368
PCT7932	561	118	443	373	97	276
PCT7933	8	-1	9	6	0	6
PCT7934	884	182	702	551	153	398
PCT7935	943	228	715	649	225	424
PCT7936	856	236	620	582	220	362
PCT7937	900	202	698	573	172	401
PCT7938	751	215	536	421	121	300
PCT7939	686	205	481	471	191	280
PCT7941	772	197	575	469	170	299
PCT7942	932	274	658	465	141	324
PCT7943	900	213	687	517	156	361
PCT7944	814	230	584	526	196	330
PCT7945	954	228	726	412	79	333
PCT7946	985	206	779	474	114	360
PCT7947	986	195	791	423	94	329
PCT7948	930	200	730	483	119	364
PCT7949	590	106	484	284	56	228
PCT7951	887	157	730	453	90	363
PCT7952	912	182	730	377	86	291
PCT7953	830	161	669	434	106	328
PCT7954	0	0	0	0	0	0
PCT7955	947	173	774	435	97	338
PCT7956	869	170	699	299	39	260
PCT7957	673	135	538	337	83	254
PCT7958	297	-23	320	104	0	104
PCT7959	686	145	541	288	65	223
PCT9001	284	-30	314	99	0	99
PCT9101	913	201	712	523	150	373
PCT9102	992	205	787	511	125	386
PCT9103	957	239	718	528	153	375
PCT9104	1030	220	810	537	152	385
PCT9105	918	199	719	584	173	411
PCT9106	946	200	746	563	178	385
PCT9107	844	209	635	420	119	301
PCT9108	810	200	610	468	136	332
PCT9109	883	211	672	455	161	294
PCT9111	834	196	638	446	134	312
PCT9112	961	219	742	505	160	345
PCT9113	1004	209	795	546	181	365
PCT9114	890	231	659	434	147	287
PCT9115	881	182	699	476	157	319
PCT9116	961	179	782	489	148	341
PCT9117	800	171	629	482	158	324
PCT9118	984	246	738	501	165	336
PCT9119	900	197	703	506	119	387
PCT9121	953	219	734	469	141	328
PCT9122	967	193	774	484	122	362
PCT9123	852	191	661	456	139	317
PCT9124	903	168	735	461	118	343
PCT9125	869	189	680	474	125	349
PCT9126	1013	194	819	530	152	378
PCT9127	971	223	748	556	184	372
PCT9128	818	190	628	496	166	330
PCT9129	738	151	587	396	129	267
PCT9131	734	138	596	390	111	279
PCT9132	821	194	627	389	130	259
PCT9133	1017	209	808	530	157	373
PCT9134	891	155	736	357	102	255
PCT9135	822	182	640	427	126	301
PCT9136	918	212	706	505	141	364
PCT9137	1015	211	804	514	133	381
PCT9138	945	175	770	512	119	393
PCT9139	1018	190	828	556	141	415
PCT9141	973	184	789	557	144	413
PCT9142	986	239	747	521	162	359
PCT9143	914	209	705	507	150	357
PCT9144	970	204	766	545	178	367
PCT9145	875	194	681	484	157	327
PCT9146	885	160	725	493	143	350
PCT9147	990	225	765	528	161	367
PCT9148	1014	236	778	567	178	389
PCT9149	991	179	812	612	241	371
PCT9151	861	168	693	455	111	344
PCT9152	737	187	550	319	124	195
PCT9201	971	187	784	511	166	345
PCT9202	996	177	819	527	167	360
PCT9203	1002	155	847	486	121	365
PCT9204	862	176	686	441	139	302
PCT9205	736	115	621	370	92	278
PCT9206	929	188	741	493	149	344
PCT9207	989	165	824	497	131	366
PCT9208	987	179	808	476	127	349
PCT9209	771	156	615	395	119	276
PCT9211	891	161	730	438	132	306
PCT9212	808	137	671	393	114	279
PCT9213	937	161	776	472	130	342
PCT9214	627	110	517	329	103	226
PCT9215	644	120	524	341	100	241
PCT9216	824	155	669	387	125	262
PCT9217	705	118	587	350	88	262
PCT9218	816	164	652	389	112	277
PCT9219	790	144	646	405	119	286
PCT9221	651	89	562	417	100	317
PCT9222	910	137	773	485	118	367
PCT9223	667	109	558	321	59	262
PCT9224	949	181	768	528	149	379
PCT9225	926	169	757	457	156	301
PCT9226	896	155	741	497	143	354
PCT9227	729	124	605	476	114	362
PCT9228	738	161	577	446	142	304
PCT9229	579	119	460	357	106	251
PCT9231	962	236	726	548	208	340
PCT9232	734	126	608	428	140	288
PCT9233	818	150	668	458	141	317
PCT9234	734	91	643	422	114	308
PCT9235	863	160	703	497	140	357
PCT9236	673	136	537	375	100	275
PCT9237	897	118	779	523	133	390
PCT9238	805	118	687	441	118	323
PCT9239	864	124	740	502	118	384
PCT9241	960	141	819	536	139	397
PCT9242	943	172	771	497	155	342
PCT9243	603	123	480	352	114	238
PCT9244	910	155	755	512	121	391
PCT9245	714	98	616	383	91	292
PCT9246	970	155	815	563	140	423
PCT9247	912	148	764	533	157	376
PCT9248	907	150	757	503	148	355
PCT9249	915	191	724	541	171	370
PCT9251	966	174	792	570	179	391
PCT9252	953	143	810	499	127	372
PCT9253	761	162	599	417	119	298
PCT9254	921	163	758	562	156	406
PCT9255	550	114	436	304	111	193
PCT9256	462	95	367	241	74	167
PCT9257	320	-39	359	159	0	159
PCT9258	703	120	583	401	103	298
PCT9401	1038	244	794	528	176	352
PCT9402	1017	243	774	529	159	370
PCT9403	921	190	731	459	123	336
PCT9404	944	192	752	496	155	341
PCT9405	780	152	628	377	104	273
PCT9406	883	189	694	475	150	325
PCT9407	913	201	712	493	131	362
PCT9408	863	154	709	435	125	310
PCT9409	601	158	443	345	127	218
PCT9411	1007	191	816	498	136	362
PCT9412	870	202	668	471	138	333
PCT9413	936	179	757	494	127	367
PCT9414	920	186	734	461	107	354
PCT9415	788	154	634	403	96	307
PCT9416	999	231	768	521	143	378
PCT9417	774	146	628	426	110	316
PCT9418	819	192	627	428	122	306
PCT9419	909	173	736	470	107	363
PCT9421	925	173	752	440	112	328
PCT9422	1101	270	831	549	145	404
PCT9423	904	193	711	431	121	310
PCT9424	1009	212	797	491	114	377
PCT9425	976	187	789	452	114	338
PCT9426	853	157	696	420	104	316
PCT9427	987	190	797	488	115	373
PCT9428	990	181	809	458	113	345
PCT9429	906	199	707	461	124	337
PCT9431	1036	205	831	531	126	405
PCT9432	958	216	742	468	117	351
PCT9433	958	166	792	465	93	372
PCT9434	1012	232	780	548	164	384
PCT9435	1004	228	776	519	157	362
PCT9436	1068	228	840	508	130	378
PCT9437	927	192	735	501	132	369
PCT9438	989	153	836	491	84	407
PCT9439	917	199	718	447	111	336
PCT9441	971	198	773	514	125	389
PCT9442	1040	213	827	529	156	373
PCT9443	955	196	759	466	110	356
PCT9444	965	201	764	431	94	337
PCT9445	996	172	824	512	113	399
PCT9446	1116	216	900	606	146	460
PCT9447	921	193	728	529	144	385
PCT9448	940	200	740	465	127	338
PCT9449	881	164	717	433	96	337
PCT9451	441	88	353	231	54	177
PCT9452	842	195	647	461	134	327
PCT9453	524	115	409	287	70	217
PCT9501	150	-8	158	91	0	91
PCT9502	251	-43	294	133	0	133
PCT9503	700	150	550	346	82	264
PCT9505	765	176	589	401	110	291
PCT9506	754	207	547	355	128	227
PCT9507	716	160	556	449	152	297
PCT9508	780	148	632	438	131	307
PCT9509	727	142	585	413	121	292
PCT9511	634	177	457	356	121	235
PCT9512	777	160	617	453	132	321
PCT9513	877	191	686	451	126	325
PCT9514	896	183	713	512	167	345
PCT9515	712	170	542	428	133	295
PCT9516	889	184	705	514	157	357
PCT9517	788	163	625	469	135	334
PCT9518	788	147	641	463	149	314
PCT9519	891	198	693	532	170	362
PCT9521	901	214	687	538	190	348
PCT9701	654	156	498	402	136	266
PCT9702	720	167	553	436	143	293
PCT9703	991	183	808	534	142	392
PCT9704	959	200	759	611	197	414
PCT9705	929	176	753	544	142	402
PCT9706	49	-8	57	33	0	33
PCT9707	826	139	687	454	101	353
PCT9708	961	175	786	582	157	425
PCT9709	1040	209	831	598	178	420
PCT9711	646	144	502	444	138	306
PCT9712	661	127	534	446	116	330
PCT9713	950	204	746	516	137	379
PCT9714	951	156	795	569	133	436
PCT9715	579	130	449	367	134	233
PCT9716	966	222	744	557	164	393
PCT9717	977	224	753	572	147	425
PCT9718	901	159	742	582	144	438
PCT9719	920	173	747	600	151	449
PCT9721	662	164	498	418	133	285
PCT9722	597	84	513	385	76	309
PCT9723	508	74	434	262	44	218
PCT9724	1020	172	848	549	99	450
PCT9725	971	165	806	522	95	427
PCT9726	616	51	565	316	102	214
PCT9727	460	57	403	252	33	219
PCT9728	963	213	750	575	135	440
PCT9729	818	164	654	455	128	327
PCT9731	579	143	436	348	111	237
PCT9732	73	-5	78	47	0	47
PCT9733	240	-21	261	156	0	156
PCT9734	604	131	473	393	109	284
PCT9735	820	170	650	516	132	384
PCT9736	736	150	586	470	151	319
PCT9737	791	155	636	520	135	385
PCT9738	838	151	687	374	64	310
PCT9739	789	150	639	353	89	264
PCT9741	441	-67	508	178	10	168
PCT9742	695	166	529	319	98	221
PCT9743	1140	242	898	562	171	391
PCT9744	943	191	752	453	121	332
PCT9745	992	237	755	447	129	318
PCT9746	903	191	712	480	118	362
PCT9747	976	208	768	539	145	394
PCT9748	913	167	746	534	116	418
PCT9749	938	189	749	392	109	283
PCT9751	1071	215	856	615	153	462
PCT9752	697	134	563	426	111	315
PCT9753	762	145	617	415	123	292
PCT9754	707	163	544	429	114	315
PCT9755	580	139	441	336	99	237
PCT9756	967	166	801	470	107	363
PCT9801	408	88	320	210	52	158
PCT9900	0	0	0	0	0	0
PCT9901	0	0	0	0	0	0
PCT9902	0	0	0	0	0	0
CONG12	445848	90426	355422	236782	65382	171400
CONG14	58051	11421	46630	28937	6945	21992
ASSM17	292422	59708	232714	154441	42046	112395
ASSM19	211477	42139	169338	111278	30281	80997
SUPV1	43116	9268	33848	23163	6901	16262
SUPV2	50046	8617	41429	27193	7573	19620
SUPV3	39377	7447	31930	19232	5117	14115
SUPV4	44094	9109	34985	22441	5881	16560
SUPV5	52900	10943	41957	30075	8969	21106
SUPV6	43695	7950	35745	19332	4356	14976
SUPV7	47443	9115	38328	27549	7196	20353
SUPV8	58177	11814	46363	38085	11091	26994
SUPV9	43263	10106	33157	23541	7062	16479
SUPV10	43113	9365	33748	17856	4187	13669
SUPV11	38675	8113	30562	17252	3994	13258
NEIG1	20485	5029	15456	7388	1547	5841
NEIG2	17267	3242	14025	8340	2166	6174
NEIG3	28019	5981	22038	12533	3266	9267
NEIG4	7060	1432	5628	4666	1237	3429
NEIG5	28593	5925	22668	12967	2964	10003
NEIG6	13862	2337	11525	8579	2739	5840
NEIG7	12395	2631	9764	5357	1298	4059
NEIG8	9658	2034	7624	5772	1824	3948
NEIG9	8258	1366	6892	4016	924	3092
NEIG10	10022	1852	8170	5470	1661	3809
NEIG11	39440	5935	33505	20989	5717	15272
NEIG12	31005	7437	23568	16928	5277	11651
NEIG14	8733	1943	6790	5699	1786	3913
NEIG15	7088	1310	5778	3622	1008	2614
NEIG13	16988	3437	13551	11381	3364	8017
NEIG26	9632	1804	7828	4409	942	3467
NEIG16	17356	2737	14619	9105	2404	6701
NEIG17	37625	8195	29430	20174	5972	14202
NEIG19	9571	2409	7162	5808	1863	3945
NEIG18	8021	1566	6455	4779	1456	3323
NEIG20	25077	4173	20904	11202	2427	8775
NEIG21	43493	8951	34542	22096	5754	16342
NEIG22	18893	3515	15378	12715	3602	9113
NEIG23	8488	1855	6633	3064	600	2464
NEIG24	35374	6962	28412	21474	5671	15803
NEIG25	31496	7789	23707	17186	4858	12328
