area_id	total_registration	ed_registration	mv_registration	total_ballots	ed_ballots	mv_ballots
ALLPCTS	503899	101053	402846	281975	84731	197244
PCT1101	562	114	448	275	61	214
PCT1102	1004	230	774	536	162	374
PCT1103	971	222	749	516	145	371
PCT1104	1018	267	751	466	123	343
PCT1106	771	173	598	353	97	256
PCT1107	751	139	612	365	76	289
PCT1108	923	198	725	478	116	362
PCT1109	822	169	653	382	100	282
PCT1111	1046	197	849	475	118	357
PCT1112	802	159	643	360	79	281
PCT1113	795	120	675	353	65	288
PCT1114	991	222	769	426	99	327
PCT1115	936	193	743	386	89	297
PCT1116	931	216	715	428	120	308
PCT1117	846	181	665	333	73	260
PCT1118	1065	219	846	466	108	358
PCT1119	797	138	659	378	75	303
PCT1121	705	149	556	354	86	268
PCT1122	637	118	519	315	71	244
PCT1123	938	208	730	345	89	256
PCT1124	829	199	630	321	75	246
PCT1125	1097	178	919	434	67	367
PCT1126	1012	200	812	377	68	309
PCT1127	965	222	743	394	102	292
PCT1128	879	145	734	347	58	289
PCT1129	1036	246	790	424	109	315
PCT1131	860	166	694	342	61	281
PCT1132	1032	193	839	436	63	373
PCT1133	875	159	716	406	73	333
PCT1134	767	182	585	374	80	294
PCT1135	556	91	465	270	51	219
PCT1136	867	157	710	423	81	342
PCT1141	1056	220	836	517	125	392
PCT1142	896	175	721	410	86	324
PCT1143	1049	225	824	477	116	361
PCT1144	947	220	727	442	121	321
PCT1145	905	152	753	526	114	412
PCT1146	1054	215	839	475	110	365
PCT1147	885	212	673	417	108	309
PCT1148	1028	224	804	488	119	369
PCT1149	939	229	710	439	119	320
PCT1152	890	180	710	401	87	314
PCT1153	940	210	730	401	117	284
PCT7001	773	141	632	434	105	329
PCT7002	714	116	598	357	90	267
PCT7003	906	147	759	578	144	434
PCT7004	913	149	764	562	146	416
PCT7005	859	161	698	513	163	350
PCT7006	932	203	729	513	153	360
PCT7007	957	180	777	615	174	441
PCT7008	909	177	732	561	194	367
PCT7009	871	119	752	485	95	390
PCT7011	973	269	704	319	88	231
PCT7012	1226	227	999	698	210	488
PCT7013	1139	155	984	586	157	429
PCT7014	719	109	610	416	115	301
PCT7015	110	-18	128	41	0	41
PCT7016	932	277	655	316	79	237
PCT7017	781	238	543	234	54	180
PCT7018	1047	200	847	414	56	358
PCT7019	900	166	734	430	74	356
PCT7021	967	288	679	379	108	271
PCT7022	963	193	770	368	55	313
PCT7023	920	233	687	403	72	331
PCT7024	441	190	251	70	20	50
PCT7025	483	167	316	136	40	96
PCT7026	1010	191	819	409	72	337
PCT7027	896	219	677	369	99	270
PCT7028	856	271	585	320	100	220
PCT7029	909	267	642	250	42	208
PCT7030	795	141	654	332	59	273
PCT7031	694	72	622	310	49	261
PCT7032	881	238	643	320	53	267
PCT7033	778	229	549	301	86	215
PCT7034	938	318	620	202	60	142
PCT7035	719	152	567	291	54	237
PCT7036	974	193	781	304	39	265
PCT7037	746	312	434	101	38	63
PCT7038	961	203	758	367	60	307
PCT7039	837	201	636	347	105	242
PCT7041	66	-4	70	29	0	29
PCT7042	660	146	514	284	62	222
PCT7043	978	224	754	374	79	295
PCT7044	852	266	586	185	36	149
PCT7045	786	154	632	319	53	266
PCT7046	430	96	334	180	48	132
PCT7047	883	150	733	376	63	313
PCT7048	881	196	685	327	59	268
PCT7049	826	210	616	318	71	247
PCT7051	880	165	715	375	70	305
PCT7052	906	184	722	385	89	296
PCT7053	585	43	542	271	42	229
PCT7054	1136	273	863	418	109	309
PCT7055	826	94	732	371	78	293
PCT7056	705	87	618	396	122	274
PCT7101	147	-15	162	103	4	99
PCT7201	935	147	788	551	170	381
PCT7202	851	143	708	468	160	308
PCT7203	879	186	693	508	187	321
PCT7204	899	126	773	578	156	422
PCT7205	871	147	724	538	177	361
PCT7206	377	78	299	234	106	128
PCT7207	867	123	744	490	154	336
PCT7208	570	78	492	350	97	253
PCT7209	647	52	595	416	75	341
PCT7301	1014	201	813	462	143	319
PCT7302	849	136	713	494	140	354
PCT7303	1068	199	869	549	172	377
PCT7304	1001	199	802	552	184	368
PCT7305	867	154	713	539	155	384
PCT7306	1044	243	801	566	194	372
PCT7307	774	169	605	402	131	271
PCT7308	625	105	520	413	157	256
PCT7309	858	167	691	515	191	324
PCT7311	906	208	698	550	216	334
PCT7312	810	110	700	560	163	397
PCT7313	1003	184	819	536	163	373
PCT7314	759	147	612	309	85	224
PCT7315	765	195	570	339	134	205
PCT7316	832	178	654	394	132	262
PCT7317	890	146	744	464	114	350
PCT7318	723	118	605	402	108	294
PCT7319	1049	188	861	533	185	348
PCT7321	659	102	557	287	85	202
PCT7322	888	146	742	342	49	293
PCT7323	956	166	790	527	159	368
PCT7324	737	150	587	352	90	262
PCT7325	886	172	714	452	126	326
PCT7326	859	174	685	462	159	303
PCT7327	687	126	561	278	48	230
PCT7328	1002	173	829	401	67	334
PCT7329	651	95	556	303	77	226
PCT7331	870	160	710	523	162	361
PCT7332	790	136	654	414	149	265
PCT7333	1015	193	822	621	224	397
PCT7334	819	131	688	444	135	309
PCT7335	934	146	788	582	193	389
PCT7336	954	175	779	584	178	406
PCT7337	897	125	772	505	113	392
PCT7338	895	125	770	448	91	357
PCT7339	755	150	605	391	122	269
PCT7341	853	178	675	455	161	294
PCT7342	904	230	674	570	245	325
PCT7343	704	150	554	400	149	251
PCT7344	1064	201	863	601	210	391
PCT7345	1114	210	904	651	218	433
PCT7346	889	208	681	462	174	288
PCT7347	1003	170	833	495	123	372
PCT7348	843	193	650	396	117	279
PCT7349	912	202	710	459	144	315
PCT7501	551	95	456	363	116	247
PCT7502	789	121	668	460	144	316
PCT7503	762	148	614	424	137	287
PCT7504	488	84	404	258	83	175
PCT7505	862	133	729	537	130	407
PCT7506	1000	158	842	525	161	364
PCT7507	956	262	694	428	136	292
PCT7508	744	126	618	492	118	374
PCT7509	929	173	756	569	169	400
PCT7512	600	125	475	336	89	247
PCT7513	806	231	575	392	144	248
PCT7514	916	207	709	317	76	241
PCT7515	864	201	663	438	114	324
PCT7516	920	147	773	555	131	424
PCT7517	868	223	645	598	235	363
PCT7518	926	218	708	641	248	393
PCT7519	715	172	543	430	169	261
PCT7521	779	182	597	525	206	319
PCT7522	759	171	588	495	193	302
PCT7523	744	180	564	504	220	284
PCT7524	624	144	480	358	130	228
PCT7525	764	170	594	375	130	245
PCT7526	988	162	826	614	219	395
PCT7527	710	172	538	420	126	294
PCT7529	903	154	749	596	230	366
PCT7531	873	159	714	514	179	335
PCT7532	835	167	668	511	183	328
PCT7533	970	194	776	656	254	402
PCT7534	903	233	670	610	234	376
PCT7535	745	139	606	504	203	301
PCT7536	833	163	670	565	216	349
PCT7537	745	126	619	502	200	302
PCT7538	751	189	562	537	213	324
PCT7539	921	225	696	589	215	374
PCT7541	770	170	600	505	212	293
PCT7542	824	192	632	524	201	323
PCT7543	924	230	694	543	172	371
PCT7544	899	168	731	595	206	389
PCT7545	895	172	723	579	195	384
PCT7546	953	183	770	673	254	419
PCT7547	981	183	798	655	227	428
PCT7548	1051	249	802	708	258	450
PCT7549	806	146	660	531	171	360
PCT7551	723	136	587	482	178	304
PCT7552	685	124	561	455	168	287
PCT7553	191	-20	211	101	7	94
PCT7554	821	168	653	595	213	382
PCT7555	872	210	662	659	244	415
PCT7556	966	154	812	730	217	513
PCT7601	677	192	485	319	112	207
PCT7602	886	232	654	404	129	275
PCT7603	815	200	615	473	178	295
PCT7604	944	259	685	436	166	270
PCT7605	661	193	468	279	86	193
PCT7606	883	210	673	372	102	270
PCT7607	919	207	712	412	127	285
PCT7608	380	101	279	120	27	93
PCT7609	884	185	699	355	69	286
PCT7611	788	202	586	282	48	234
PCT7612	557	105	452	262	47	215
PCT7613	883	249	634	357	111	246
PCT7614	916	203	713	367	114	253
PCT7615	750	240	510	245	83	162
PCT7616	836	82	754	479	146	333
PCT7617	752	169	583	287	66	221
PCT7618	914	151	763	478	113	365
PCT7619	1107	170	937	609	168	441
PCT7621	1155	149	1006	596	152	444
PCT7622	960	263	697	314	100	214
PCT7623	1004	237	767	399	141	258
PCT7624	875	223	652	311	98	213
PCT7625	822	73	749	433	39	394
PCT7626	1073	129	944	538	137	401
PCT7627	524	67	457	258	64	194
PCT7628	938	220	718	489	155	334
PCT7629	853	162	691	411	132	279
PCT7631	1219	210	1009	604	162	442
PCT7632	1171	169	1002	599	185	414
PCT7633	735	126	609	386	109	277
PCT7634	890	186	704	486	143	343
PCT7635	853	188	665	358	83	275
PCT7636	959	161	798	484	156	328
PCT7637	868	121	747	486	142	344
PCT7638	889	83	806	505	134	371
PCT7639	1022	133	889	549	154	395
PCT7641	951	134	817	540	140	400
PCT7642	765	118	647	441	132	309
PCT7643	941	131	810	550	115	435
PCT7644	1176	162	1014	593	187	406
PCT7645	656	61	595	382	95	287
PCT7646	1153	121	1032	673	185	488
PCT7647	987	263	724	334	120	214
PCT7648	2	0	2	1	0	1
PCT7649	900	177	723	396	109	287
PCT7651	947	113	834	443	112	331
PCT7652	635	100	535	306	98	208
PCT7653	839	89	750	430	95	335
PCT7654	466	53	413	283	91	192
PCT7655	679	96	583	297	83	214
PCT7656	638	35	603	375	67	308
PCT7657	598	37	561	363	91	272
PCT7701	1064	196	868	656	175	481
PCT7702	756	133	623	484	107	377
PCT7703	174	-13	187	71	0	71
PCT7704	1002	204	798	665	175	490
PCT7705	595	125	470	392	110	282
PCT7706	866	179	687	610	163	447
PCT7707	872	189	683	610	179	431
PCT7708	875	165	710	617	154	463
PCT7709	406	82	324	287	92	195
PCT7711	811	153	658	506	127	379
PCT7712	532	107	425	366	109	257
PCT7801	974	151	823	674	196	478
PCT7802	798	152	646	563	160	403
PCT7803	831	113	718	604	129	475
PCT7804	885	151	734	645	182	463
PCT7805	800	156	644	558	157	401
PCT7806	755	153	602	516	154	362
PCT7807	827	185	642	541	176	365
PCT7808	654	129	525	428	132	296
PCT7809	764	140	624	488	137	351
PCT7811	758	176	582	468	158	310
PCT7812	897	217	680	538	168	370
PCT7813	1068	225	843	700	217	483
PCT7814	901	241	660	401	120	281
PCT7815	917	168	749	645	181	464
PCT7816	872	148	724	623	152	471
PCT7817	838	186	652	582	185	397
PCT7818	839	171	668	544	150	394
PCT7819	774	139	635	444	91	353
PCT7821	976	170	806	710	190	520
PCT7822	892	219	673	619	224	395
PCT7823	883	177	706	597	189	408
PCT7824	768	153	615	491	160	331
PCT7825	608	151	457	385	132	253
PCT7826	690	204	486	428	163	265
PCT7827	826	219	607	467	148	319
PCT7828	1028	171	857	662	183	479
PCT7829	891	149	742	615	152	463
PCT7831	902	139	763	624	139	485
PCT7832	781	118	663	542	128	414
PCT7833	733	146	587	489	146	343
PCT7834	894	194	700	555	179	376
PCT7835	863	142	721	575	148	427
PCT7836	1043	193	850	678	172	506
PCT7837	923	205	718	626	202	424
PCT7838	895	143	752	653	158	495
PCT7839	861	130	731	596	140	456
PCT7841	950	198	752	665	207	458
PCT7842	879	177	702	549	155	394
PCT7843	729	183	546	461	165	296
PCT7844	651	152	499	420	138	282
PCT7845	880	204	676	583	178	405
PCT7846	908	172	736	636	171	465
PCT7847	891	193	698	615	184	431
PCT7848	847	182	665	608	169	439
PCT7849	901	172	729	634	189	445
PCT7851	526	112	414	358	85	273
PCT7852	644	111	533	453	103	350
PCT7853	855	161	694	531	139	392
PCT7854	878	175	703	603	173	430
PCT7855	974	211	763	655	204	451
PCT7856	847	204	643	571	193	378
PCT7857	906	158	748	594	156	438
PCT7858	779	157	622	501	152	349
PCT7859	899	152	747	631	167	464
PCT7861	863	164	699	603	171	432
PCT7862	864	195	669	599	198	401
PCT7863	901	208	693	583	208	375
PCT7864	814	153	661	530	157	373
PCT7865	840	163	677	569	160	409
PCT7866	848	158	690	587	144	443
PCT7867	978	212	766	657	183	474
PCT7868	876	217	659	536	162	374
PCT7869	861	178	683	632	191	441
PCT7871	902	200	702	622	158	464
PCT7872	874	199	675	608	188	420
PCT7873	891	202	689	659	214	445
PCT7874	489	119	370	300	108	192
PCT7875	647	147	500	368	115	253
PCT7876	568	106	462	353	93	260
PCT7901	549	150	399	258	67	191
PCT7902	912	232	680	435	145	290
PCT7903	852	229	623	412	126	286
PCT7904	837	157	680	424	123	301
PCT7905	875	191	684	540	185	355
PCT7906	786	187	599	402	118	284
PCT7907	942	238	704	508	165	343
PCT7908	992	240	752	540	173	367
PCT7909	743	185	558	453	141	312
PCT7911	871	205	666	450	129	321
PCT7912	1059	259	800	560	183	377
PCT7913	923	263	660	566	216	350
PCT7914	902	187	715	531	143	388
PCT7915	843	238	605	473	183	290
PCT7916	858	219	639	499	164	335
PCT7917	987	271	716	549	188	361
PCT7918	824	227	597	443	145	298
PCT7919	866	258	608	486	177	309
PCT7921	911	229	682	413	103	310
PCT7922	858	210	648	473	157	316
PCT7923	880	214	666	511	172	339
PCT7924	851	202	649	427	124	303
PCT7925	544	110	434	317	89	228
PCT7926	788	178	610	486	150	336
PCT7927	742	162	580	489	154	335
PCT7928	917	217	700	603	209	394
PCT7929	847	169	678	596	171	425
PCT7931	751	141	610	527	150	377
PCT7932	561	118	443	375	98	277
PCT7933	8	-1	9	6	0	6
PCT7934	884	182	702	564	155	409
PCT7935	943	227	716	659	227	432
PCT7936	856	236	620	589	221	368
PCT7937	900	202	698	579	173	406
PCT7938	751	215	536	427	122	305
PCT7939	686	205	481	479	191	288
PCT7941	772	196	576	478	173	305
PCT7942	932	274	658	474	141	333
PCT7943	900	213	687	526	158	368
PCT7944	814	230	584	539	197	342
PCT7945	954	228	726	422	82	340
PCT7946	985	206	779	480	115	365
PCT7947	986	194	792	428	96	332
PCT7948	930	200	730	493	120	373
PCT7949	590	106	484	288	57	231
PCT7951	887	156	731	455	90	365
PCT7952	912	182	730	379	86	293
PCT7953	830	161	669	439	106	333
PCT7955	947	173	774	448	101	347
PCT7956	869	170	699	309	42	267
PCT7957	673	135	538	345	85	260
PCT7958	297	-23	320	105	0	105
PCT7959	686	145	541	295	68	227
PCT9001	284	-30	314	100	0	100
PCT9101	913	201	712	573	194	379
PCT9102	992	204	788	567	175	392
PCT9103	957	238	719	574	195	379
PCT9104	1030	220	810	567	181	386
PCT9105	918	199	719	637	222	415
PCT9106	946	198	748	624	226	398
PCT9107	844	208	636	472	167	305
PCT9108	810	200	610	480	143	337
PCT9109	883	211	672	500	198	302
PCT9111	834	195	639	485	170	315
PCT9112	961	219	742	557	207	350
PCT9113	1004	208	796	616	246	370
PCT9114	890	231	659	474	184	290
PCT9115	881	182	699	505	182	323
PCT9116	961	179	782	525	180	345
PCT9117	800	171	629	523	196	327
PCT9118	984	242	742	566	228	338
PCT9119	900	197	703	549	159	390
PCT9121	953	218	735	521	185	336
PCT9122	967	192	775	526	161	365
PCT9123	852	191	661	507	189	318
PCT9124	903	167	736	508	161	347
PCT9125	869	188	681	512	155	357
PCT9126	1013	194	819	585	201	384
PCT9127	971	223	748	600	221	379
PCT9128	818	190	628	529	196	333
PCT9129	738	151	587	425	154	271
PCT9131	734	138	596	439	155	284
PCT9132	821	194	627	435	173	262
PCT9133	1017	209	808	595	213	382
PCT9134	891	155	736	434	106	328
PCT9135	822	182	640	465	160	305
PCT9136	918	212	706	534	165	369
PCT9137	1015	209	806	565	176	389
PCT9138	945	175	770	546	150	396
PCT9139	1018	190	828	601	179	422
PCT9141	973	184	789	591	173	418
PCT9142	986	239	747	574	211	363
PCT9143	914	209	705	531	172	359
PCT9144	970	203	767	589	215	374
PCT9145	875	194	681	510	178	332
PCT9146	885	160	725	548	195	353
PCT9147	990	225	765	583	210	373
PCT9148	1014	235	779	628	232	396
PCT9149	991	178	813	639	253	386
PCT9151	861	168	693	468	116	352
PCT9152	737	187	550	339	143	196
PCT9201	971	186	785	584	228	356
PCT9202	996	177	819	596	228	368
PCT9203	1002	155	847	564	192	372
PCT9204	862	176	686	505	198	307
PCT9205	736	115	621	441	153	288
PCT9206	929	188	741	538	192	346
PCT9207	989	165	824	565	195	370
PCT9208	987	179	808	538	179	359
PCT9209	771	156	615	450	172	278
PCT9211	891	161	730	468	156	312
PCT9212	808	137	671	459	175	284
PCT9213	937	161	776	549	200	349
PCT9214	627	110	517	365	135	230
PCT9215	644	120	524	379	133	246
PCT9216	824	155	669	439	173	266
PCT9217	705	117	588	400	133	267
PCT9218	816	164	652	440	160	280
PCT9219	790	144	646	465	176	289
PCT9221	651	89	562	461	140	321
PCT9222	910	137	773	551	177	374
PCT9223	667	109	558	379	115	264
PCT9224	949	181	768	549	166	383
PCT9225	926	169	757	523	220	303
PCT9226	896	155	741	537	180	357
PCT9227	729	124	605	518	147	371
PCT9228	738	160	578	495	181	314
PCT9229	579	119	460	378	122	256
PCT9231	962	236	726	615	263	352
PCT9232	734	126	608	451	157	294
PCT9233	818	150	668	521	188	333
PCT9234	734	91	643	467	147	320
PCT9235	863	160	703	560	195	365
PCT9236	673	136	537	420	137	283
PCT9237	897	118	779	579	182	397
PCT9238	805	118	687	501	173	328
PCT9239	864	124	740	554	162	392
PCT9241	960	141	819	602	196	406
PCT9242	943	172	771	566	216	350
PCT9243	603	123	480	383	142	241
PCT9244	910	154	756	584	187	397
PCT9245	714	98	616	428	128	300
PCT9246	970	155	815	623	195	428
PCT9247	912	148	764	587	206	381
PCT9248	907	150	757	554	196	358
PCT9249	915	191	724	593	214	379
PCT9251	966	174	792	630	236	394
PCT9252	953	142	811	563	183	380
PCT9253	761	162	599	457	154	303
PCT9254	921	163	758	615	197	418
PCT9255	550	114	436	328	133	195
PCT9256	462	95	367	289	119	170
PCT9257	320	-39	359	177	13	164
PCT9258	703	120	583	454	150	304
PCT9401	1038	242	796	580	223	357
PCT9402	1017	242	775	586	208	378
PCT9403	921	190	731	515	169	346
PCT9404	944	191	753	540	197	343
PCT9405	780	151	629	408	132	276
PCT9406	883	188	695	502	170	332
PCT9407	913	201	712	542	174	368
PCT9408	863	152	711	489	167	322
PCT9409	601	158	443	370	146	224
PCT9411	1007	191	816	589	213	376
PCT9412	870	202	668	525	187	338
PCT9413	936	179	757	545	172	373
PCT9414	920	186	734	499	142	357
PCT9415	788	154	634	449	135	314
PCT9416	999	230	769	541	151	390
PCT9417	774	145	629	447	125	322
PCT9418	819	188	631	453	142	311
PCT9419	909	173	736	508	138	370
PCT9421	925	173	752	490	154	336
PCT9422	1101	270	831	622	209	413
PCT9423	904	190	714	475	159	316
PCT9424	1009	210	799	537	153	384
PCT9425	976	187	789	517	172	345
PCT9426	853	156	697	463	139	324
PCT9427	987	188	799	532	150	382
PCT9428	990	179	811	498	143	355
PCT9429	906	197	709	489	146	343
PCT9431	1036	204	832	581	172	409
PCT9432	958	215	743	493	136	357
PCT9433	958	164	794	497	124	373
PCT9434	1012	227	785	597	210	387
PCT9435	1004	225	779	552	188	364
PCT9436	1068	226	842	536	151	385
PCT9437	927	191	736	527	151	376
PCT9438	989	152	837	525	109	416
PCT9439	917	199	718	482	140	342
PCT9441	971	193	778	562	167	395
PCT9442	1040	210	830	594	212	382
PCT9443	955	196	759	519	156	363
PCT9444	965	197	768	477	134	343
PCT9445	996	167	829	552	146	406
PCT9446	1116	216	900	644	179	465
PCT9447	921	192	729	570	180	390
PCT9448	940	198	742	504	157	347
PCT9449	881	162	719	459	119	340
PCT9451	441	88	353	246	67	179
PCT9452	842	195	647	523	186	337
PCT9453	524	115	409	302	84	218
PCT9501	150	-8	158	94	3	91
PCT9502	251	-43	294	142	6	136
PCT9503	700	150	550	387	120	267
PCT9505	765	176	589	432	136	296
PCT9506	754	207	547	369	138	231
PCT9507	716	160	556	484	182	302
PCT9508	780	148	632	503	185	318
PCT9509	727	142	585	463	167	296
PCT9511	634	176	458	403	163	240
PCT9512	777	160	617	509	180	329
PCT9513	877	191	686	522	187	335
PCT9514	896	183	713	566	213	353
PCT9515	712	169	543	471	164	307
PCT9516	889	184	705	556	190	366
PCT9517	788	162	626	508	173	335
PCT9518	788	146	642	516	198	318
PCT9519	891	198	693	605	236	369
PCT9521	901	214	687	594	242	352
PCT9701	654	156	498	409	140	269
PCT9702	720	166	554	452	148	304
PCT9703	991	182	809	543	147	396
PCT9704	959	199	760	620	200	420
PCT9705	929	175	754	566	146	420
PCT9706	49	-8	57	34	0	34
PCT9707	826	139	687	463	103	360
PCT9708	961	175	786	586	159	427
PCT9709	1040	209	831	611	183	428
PCT9711	646	144	502	468	162	306
PCT9712	661	127	534	456	118	338
PCT9713	950	203	747	555	171	384
PCT9714	951	156	795	583	137	446
PCT9715	579	130	449	372	135	237
PCT9716	966	221	745	564	167	397
PCT9717	977	224	753	614	176	438
PCT9718	901	152	749	589	145	444
PCT9719	920	173	747	614	152	462
PCT9721	662	164	498	424	135	289
PCT9722	597	84	513	389	76	313
PCT9723	508	72	436	270	46	224
PCT9724	1020	169	851	551	100	451
PCT9725	971	157	814	531	97	434
PCT9726	616	-14	630	320	103	217
PCT9727	460	56	404	260	35	225
PCT9728	963	212	751	580	135	445
PCT9729	818	164	654	462	131	331
PCT9731	579	143	436	355	111	244
PCT9732	73	-5	78	47	0	47
PCT9733	240	-21	261	164	1	163
PCT9734	604	131	473	397	110	287
PCT9735	820	170	650	519	133	386
PCT9736	736	150	586	480	155	325
PCT9737	791	154	637	527	137	390
PCT9738	838	150	688	384	66	318
PCT9739	789	115	674	360	89	271
PCT9741	441	-396	837	183	10	173
PCT9742	695	165	530	329	101	228
PCT9743	1140	227	913	574	176	398
PCT9744	943	160	783	462	126	336
PCT9745	992	202	790	452	130	322
PCT9746	903	189	714	491	120	371
PCT9747	976	204	772	548	146	402
PCT9748	913	167	746	543	119	424
PCT9749	938	188	750	402	110	292
PCT9751	1071	214	857	626	155	471
PCT9752	697	134	563	433	112	321
PCT9753	762	145	617	423	123	300
PCT9754	707	162	545	432	116	316
PCT9755	580	139	441	337	99	238
PCT9756	967	162	805	473	108	365
PCT9801	408	88	320	217	53	164
CONG12	445848	90254	355594	252523	77656	174867
CONG14	58051	10799	47252	29452	7075	22377
ASSM17	292422	59635	232787	162358	47625	114733
ASSM19	211477	41418	170059	119617	37106	82511
SUPV1	43116	9248	33868	25224	8655	16569
SUPV2	50046	8611	41435	30370	10377	19993
SUPV3	39377	7434	31943	20984	6535	14449
SUPV4	44094	9045	35049	24453	7584	16869
SUPV5	52900	10934	41966	33097	11557	21540
SUPV6	43695	7940	35755	21149	5898	15251
SUPV7	47443	8556	38887	28091	7391	20700
SUPV8	58177	11807	46370	38765	11229	27536
SUPV9	43263	10098	33165	23952	7154	16798
SUPV10	43113	9348	33765	18359	4289	14070
SUPV11	38675	8032	30643	17531	4062	13469
NEIG1	20485	5021	15464	7534	1587	5947
NEIG2	17267	3238	14029	9112	2817	6295
NEIG3	28019	5969	22050	13729	4224	9505
NEIG4	7060	1430	5630	4741	1250	3491
NEIG5	28593	5893	22700	13151	3008	10143
NEIG6	13862	2336	11526	9496	3515	5981
NEIG7	12395	2577	9818	5472	1325	4147
NEIG8	9658	2030	7628	6274	2241	4033
NEIG9	8258	842	7416	4087	943	3144
NEIG10	10022	1850	8172	5994	2043	3951
NEIG11	39440	5931	33509	23506	7975	15531
NEIG12	31005	7433	23572	17281	5396	11885
NEIG14	8733	1942	6791	5784	1797	3987
NEIG15	7088	1309	5779	3875	1196	2679
NEIG13	16988	3435	13553	11580	3398	8182
NEIG26	9632	1802	7830	4482	960	3522
NEIG16	17356	2733	14623	9579	2602	6977
NEIG17	37625	8178	29447	21980	7585	14395
NEIG19	9571	2406	7165	5912	1880	4032
NEIG18	8021	1563	6458	5266	1848	3418
NEIG20	25077	4167	20910	12330	3410	8920
NEIG21	43493	8887	34606	24083	7438	16645
NEIG22	18893	3512	15381	12948	3654	9294
NEIG23	8488	1850	6638	3114	606	2508
NEIG24	35374	6935	28439	21902	5833	16069
NEIG25	31496	7784	23712	18763	6200	12563
